5 8 7
2 1 3
6 _ 4

  | 
 \|/ 

5 8 7
2 1 3
6 4 _

  | 
 \|/ 

5 8 7
2 1 _
6 4 3

  | 
 \|/ 

5 8 7
2 _ 1
6 4 3

  | 
 \|/ 

5 8 7
2 4 1
6 _ 3

  | 
 \|/ 

5 8 7
2 4 1
6 3 _

  | 
 \|/ 

5 8 7
2 4 _
6 3 1

  | 
 \|/ 

5 8 _
2 4 7
6 3 1

  | 
 \|/ 

5 _ 8
2 4 7
6 3 1

  | 
 \|/ 

5 4 8
2 _ 7
6 3 1

  | 
 \|/ 

5 4 8
2 3 7
6 _ 1

  | 
 \|/ 

5 4 8
2 3 7
6 1 _

  | 
 \|/ 

5 4 8
2 3 _
6 1 7

  | 
 \|/ 

5 4 8
2 _ 3
6 1 7

  | 
 \|/ 

5 4 8
_ 2 3
6 1 7

  | 
 \|/ 

5 4 8
6 2 3
_ 1 7

  | 
 \|/ 

5 4 8
6 2 3
1 _ 7

  | 
 \|/ 

5 4 8
6 2 3
1 7 _

  | 
 \|/ 

5 4 8
6 2 _
1 7 3

  | 
 \|/ 

5 4 _
6 2 8
1 7 3

  | 
 \|/ 

5 _ 4
6 2 8
1 7 3

  | 
 \|/ 

5 2 4
6 _ 8
1 7 3

  | 
 \|/ 

5 2 4
_ 6 8
1 7 3

  | 
 \|/ 

5 2 4
1 6 8
_ 7 3

  | 
 \|/ 

5 2 4
1 6 8
7 _ 3

  | 
 \|/ 

5 2 4
1 6 8
7 3 _

  | 
 \|/ 

5 2 4
1 6 _
7 3 8